0.3514066784406145
0.3380593569918427
0.3271531945485346
0.8764260627509879
0.3888005503548482
0.33838894102718614
0.7772939999658895
0.38037134024464453
0.8174152643010468
0.7882924078514405
0.623536112342337
0.35109376851989066
0.33689405153499336
0.3552050215701328
0.8149324549301054
0.37902597643111263
0.299142073426844
0.320035854886336
0.2576644096292108
0.2629048129391834
0.7316760275528088
0.29648209733606734
0.7746602012721603
0.5437948452336313
0.7661121960815175
0.2946783726498923
0.30882835609871057
0.7031662909013182
0.7100392156045096
0.6379174545998025
0.5190682772213117
0.2905718162943427
0.30703450699412144
0.6059720006727202
0.643066499785986
0.24802532497110494
0.30806315663763323
0.6544782195740945
0.6750045557706676
0.27455595925025705
0.3169014465489155
0.27530490773335536
0.6456351862628176
0.2214914086809758
0.633051870082232
0.27110257077033406
0.23310065500627583
0.2450210817492485
0.2762111475918656
0.21732149519523605
0.5993234833817682
0.2136585157458136
0.5213051390107483
0.2800044597301072
0.2252030157169671
0.5804638279041394
0.27787045237637686
0.49372080596797
0.5016497498895808
0.5532703210513253
0.2670127231753571
0.25525154724369564
0.2677027714578784
0.5864926619493939
0.5436444619118378
0.5379413138650805
0.41242998547098014
0.4901082269720292
0.5222730440684215
0.24985148250696465
0.2105099754254763
0.510317264046593
0.21293531191897017
0.4290855771690252
0.510692334297671
0.5320242385340287
0.4880275609625128
0.22416933635335523
0.5180408270413783
0.48454909985741595
0.19171309944256276
0.3043616565776213
0.4717726865321043
0.22822271313770517
0.22266836483726582
0.1909230486143001
0.44677191902249164
0.48101021506808794
0.38123539056209954
0.42219580601577267
0.19384261851659748
0.20427411769865167
0.43711892568808336
0.3465261576656576
0.28317104137355537
0.19788291347450523
0.20613336231077342
0.18737944049884594
0.18722754103206993
0.1613353635291916
0.18931365259922464
0.34847662612879665
0.3936813366480619
0.17860892694859154
0.185220881991206
0.19768026170881883
0.14331833216819426
0.19022966247561135
0.31882723254363504
0.1907527626685187
0.19157904734673004
0.1919544629981372
0.3787120706917005
0.18635937620549292
0.18940788375112985
0.35549459888778173
0.18753932303795218
0.3712731470030118
0.35921015591962907
0.1853058915159201
0.18619369580336795
0.35949605663991263
0.1839415505504328
0.18705434733644313
0.34847934374494
0.28952142534473113
0.33879652930391985
0.3432797850987758
0.3136206741816831
0.3212746454089286
0.3011683632588709
0.3298402029529342
0.18686650392018977
0.34032820917156176
0.17956932291404307
0.18984075444447343
0.17203877574248905
0.16358556458823814
0.2237053594979339
0.2907673227108082
0.278739845241188
0.3039815900331914
0.2765781234957823
0.17126472716677296
0.16886253922069613
0.16862783931916173
0.28239813804996616
0.17383258675590874
0.18965392386352553
0.2755994573002424
0.2799002785744977
0.28345738726115816
0.14930548613745218
0.28658467566461376
0.17554592774694658
0.16434418916610338
0.26323514954249216
0.1993138290538123
0.26061205037188856
0.2413839924258591
0.20063488381912528
0.13707376701868196
0.1684145229595583
0.24363500270834526
0.2333455675287549
0.2574927351404413
0.23153947056409244
0.12005016543643894
0.167667599498053
0.19643938884376144
0.22882806890294569
0.17626645012280348
0.22742906581830455
0.21287549329666489
0.17228602065314902
0.2196941392021028
0.1439331750647612
0.1728585349526691
0.21968767507738685
0.214564254366814
0.2257901756061509
0.17313851375770958
0.2118177383235511
0.19766112000628563
0.21874499275730527
0.15934749321964234
0.19641503396597063
0.17432888703920682
0.17159993040069996
0.21098699120242895
0.14387998815820738
0.20597393580179277
0.19771140403421675
0.19567111832744344
0.2074915967473903
0.1896710339122839
0.14896380544741258
0.14592270559753667
0.189310962609282
0.2011078020628598
0.1800458555388921
0.17135283377547253
0.14733468545109446
0.18411775505560968
0.1846329932971065
0.18232849415139815
0.1802799562661546
0.14544363582480432
0.17362029559254624
0.1982505596387845
0.15397241829811872
0.16612988027070585
0.15406514138097163
0.1876941908234786
0.20262768856314303
0.1752916502600591
0.17990821223482542
0.17426489715699026
0.17205874590646153
0.1758190319253102
0.165702808657604
0.15122913129929608
0.1994420279303402
0.1583216161785763
0.149473342889291
0.18349465757031216
0.14823046169978957
0.15587720090701299
0.17750660750633288
0.14379663105854515
0.15846728160479087
0.16033492428429863
0.2504924322652287
0.2297426794410338
0.13628158831854956
0.15356288920023467
0.18966877977045268
0.16504067560443456
0.15660553297126645
0.15340764414299798
0.2530892756986855
0.17930532747618397
0.15628973257647963
0.12626507490117153
0.1367070607622869
0.14039857188036203
0.15389848814815452
0.18047777825923697
0.1487923350616459
0.19110996467373642
0.18710821587355478
0.1985973019065529
0.15909690844352303
0.14780197295648548
0.14328146183590768
0.1530889492022023
0.19551042633761972
0.1423330807695041
0.17629879317223499
0.17950006781564834
0.16886879663688803
0.17424388884021677
0.11843832373438347
0.14072906794836376
0.26478930416912044
0.15761057528972422
0.15603815501141113
0.20094378515588404
0.16043478808297335
0.14306377729123876
0.14075438392937067
0.26459890909176537
0.19265415807131767
0.2642210598139056
0.11903639466637861
0.13321175603507987
0.14532379361923353
0.18384388113981973
0.13040015048893022
0.1854402996835481
0.13500779815973726
0.1368500134507415
0.15236127630012306
0.14263804446320313
0.15438003141233256
0.2498170416881257
0.14483692786745994
0.19100718996755872
0.17980717100892404
0.2094345208641035
0.17267556316460916
0.1693703142201722
0.24158469825513926
0.18437418735296807
0.3904251421339789
0.14678483016008373
0.4226294822371579
0.5204335407486017
0.16361766917557555
0.14896549648208152
0.2594907420565671
0.14774362330400737
0.4333607754852637
0.14480476139208862
0.41594609201956034
0.1454881696726232
0.5012075330138529
0.15376415179299655
0.45572039867153236
0.4911024472912449
0.2980931158438838
0.48596638355704047
0.15725327280002155
0.4023410879933489
0.17051909350356761
0.1519489553057474
0.15410092756828375
0.44743861391058076
0.3276015072219172
0.44591223668452223
0.3348157961188414
0.1331529069162284
0.28544650199290483
0.2685862168087882
0.4872987071222005
0.140807518079033
0.43196037912687807
0.4498582465213052
0.1765846715592043
0.42133073909760616
0.18325737273890227
0.18322771831319892
0.1758758077842656
0.382855215897738
0.3461784790933214
0.17793865965290456
0.37717460808729303
0.15655675924598542
0.44738407482436715
0.1479669055433448
0.2271874528073883
0.14825225238704404
0.16887240964294595
0.42711667875330606
0.32545096113360167
0.12784494311803904
0.1697708554691479
0.1614501215237004
0.24586586978908107
0.16831255001430537
0.1544112763478511
0.367161054025448
0.3022628432408115
0.2759822677045603
0.11266500728705502
0.14916977664299086
0.1747680243504528
0.1711005418494933
0.4376670945403347
0.35482426505113923
0.3030375687729147
0.39147112789357746
0.18493185999463668
0.16957692903284013
0.12521652401323022
0.4451454929063297
0.440101299295117
0.350540024069202
0.38811525975302047
0.1523580738204
0.3852009491005513
0.15646175683834407
0.14160225762517686
0.17250119269257227
0.2161719629549624
0.22041084518333562
0.22624311418056306
0.3769553432499437
0.1533197553019466
0.3229730652986616
0.17021242550389604
0.16504701990783704
0.3872134200750725
0.15278998918614514
0.32031132475872853
0.1403066857435563
0.3654914064624231
0.1514553483171223
0.1509637667911611
0.3485864662298177
0.23987068303762293
0.3457063790726019
0.36858711349371226
0.24378157784943913
0.16561751548054635
0.14853936635928372
0.2934566068327211
0.1471052385763871
0.2769767159219313
0.325575431787604
0.3745004255545605
0.10514211411063411
0.1483891108281915
0.3860175318723189
0.15052763142321227
0.33142712084217957
0.1632946604570608
0.1486911588165166
0.3970488748734078
0.3286237684790157
0.14953644488494044
0.37533850118115675
0.15706638994632835
0.36458827334520955
0.14826717656837726
0.161008747130194
0.16288398669295734
0.13676893298380957
0.31032505067078064
0.14721317890254645
0.3109314640973715
0.1407672559501307
0.1406604162203506
0.07911897362251728
0.3055799254929961
0.3315242401132585
0.15925134774235253
0.35278484855320197
0.15444105657007928
0.13686141007958422
0.12975406408188836
0.1646880556229887
0.21104477770556104
0.13746448340840645
0.3635622433161112
0.29601878272440807
0.07536308507392615
0.3099494483985334
0.354723679283864
0.330680581175725
0.20659262583941787
0.3160017882288917
0.1382526010638662
0.12231198316695674
0.13102560183715364
0.18526851563736982
0.2230746964396809
0.14977374624558046
0.13581511509753064
0.2492456680725458
0.13317188995637785
0.07788080993422293
0.09893710714218062
0.13402326606217765
0.12032242346217781
0.30761805431028066
0.14625188717014662
0.3129004745405626
0.17724659363593417
0.13695852969747505
0.1376650485388372
0.3150504082269337
0.1428808385278248
0.09843535107760719
0.20533221970351878
0.22572380609257567
0.3655187711506245
0.2787316095411622
0.1529167294116128
0.2847169124142013
0.12892984387703366
0.1800732068245148
0.2929768733022448
0.3307058032003118
0.21271906280166195
0.2976231109448673
0.1458334875024425
0.13866669311800325
0.12811136807735288
0.23923559227069569
0.1457587115249767
0.1301611320034422
0.32001003290789315
0.28040586138547835
0.3000527328361822
0.3042339516861042
0.12728329233804156
0.3196776295601101
0.3618557391822678
0.05558024004846949
0.12070973994712464
0.2732180529050237
0.04324131925034471
0.12861263736366546
0.054271549797063494
0.1680602850844434
0.14667264457365017
0.13338063117954277
0.10970467540832733
0.13297817885388993
0.18282206300236034
0.14501642282365426
0.23471282223756348
0.2524484893881315
0.11507306736745282
0.2943656061380755
0.3015562833383994
0.12748105931989281
0.30171466609439795
0.13679065089323023
0.12582848257980692
0.356820934284388
0.23948168691888558
0.12051226982069181
0.27688711970298835
0.0900940570710278
0.2672574673955369
0.29770412969443477
0.04579386598321622
0.12862381433664957
0.1855027198018209
0.2867950573535861
0.2866182717886449
0.042758162952011326
0.14053754277058195
0.13935532579263374
0.2662182310017149
0.11919694336349022
0.04414330365681082
0.1267289725077569
0.28226100540084814
0.1277216251727524
0.23973920054666245
0.2726756598251437
0.1381711795303848
0.25901758662569413
0.2894427017976116
0.2796327927924678
0.3382806494119112
0.2566911775489478
0.20429630546013242
0.1359057485827422
0.12025175777798917
0.09996063478758777
0.11885580109044143
0.1181622427023978
0.2870115141956952
0.23608189484908396
0.13124012063015317
0.12146105483661666
0.1334233389050442
0.11447596469376707
0.28868738690402773
0.25015866460502034
0.12733179476969356
0.281629669182398
0.10791556479006319
0.21768939853108196
0.10673999845484779
0.27030144186082855
0.23294352749141098
0.10731548554538395
0.12002867644503551
0.23214535157560046
0.2578961360361634
0.2679343505279714
0.2672320203546304
0.10430549951768094
0.10022084980392197
0.09436804541142929
0.2465260153514902
0.29261253482482
0.06715556218887303
0.2641558034370142
0.09879396551117481
0.11327614397330586
0.08360832310129394
0.11336565637987352
0.11834918185374549
0.08986672603395858
0.2489077142008559
0.23790024276342744
0.24078244432004767
0.13426171354522154
0.11471253100311855
0.11856692406130753
0.07029584074383721
0.037161760579516694
0.04133457512841225
0.22900903136636364
0.2580089180308469
0.16633447478920596
0.2576365888139838
0.07605699415477725
0.16605151072500576
0.0954805746213143
0.22168816532058985
0.1086788223899139
0.11518754504560354
0.07007427502273889
0.09527089085568745
0.07235681331042916
0.2196394573475533
0.11873837648146172
0.07482742258421672
0.04012509606492738
0.23504328525891705
0.10697176230416224
0.2528136675468499
0.07223885686880413
0.29507002182084846
0.2205086625592617
0.23320563202620934
0.036256191109837486
0.05371325596745219
0.2092754093806274
0.09112975198038709
0.0923615745410792
0.07520517579445228
0.03771575695046952
0.051936202542396705
0.20601447720668706
0.25164695706762163
0.2513651174636244
0.29211101845901816
0.06928591907293302
0.10897086831358598
0.09084858371503708
0.24250299489923025
0.2189425984770403
0.24840681804328021
0.13466129832835527
0.2285060811082136
0.11127749248967779
0.06513382349918355
0.10031467298114179
0.06789141613833694
0.07561936469774758
0.20247939702525308
0.06839577109796759
0.2276441823528982
0.24482836516678452
0.06483760820378204
0.2912781956980061
0.0648232784138429
0.10933007265674101
0.10303533835589972
0.30467904300418996
0.1278019963659019
0.2420962255364831
0.25440984601125854
0.10702822212232037
0.12747197888038445
0.1993944792738586
0.13390566215764713
0.06533704745754
0.052941594691926504
0.24123559077079038
0.23965046704092965
0.046238206461758684
0.19783610492039325
0.10820807094322771
0.042532151867645474
0.0909781347321203
0.10730591541224564
0.05370610010804406
0.09985185772140505
0.24019563667139288
0.2501255229424
0.09237766028659537
0.10344279736494029
0.08821401136460823
0.2369796920642071
0.14283715910580044
0.08844035436899168
0.06746439724944274
0.08643245926780607
0.10087994105985088
0.12751521915961758
0.27756414416771186
0.3056071918468271
0.23012069911439725
0.2540419872876747
0.22609477796800437
0.0851146471407039
0.06423090062860193
0.0694222654939288
0.2206760673036187
0.215952424819267
0.04679571097000751
0.2514017386530785
0.24360440296759567
0.21962892826702937
0.07096840761170226
0.08682470771219049
0.1424903299896174
0.2385553529328499
0.06423128306813036
0.23084643383310996
0.15319449515634218
0.3462186386452428
0.2409051403079805
0.06394770171024321
0.08794861074261272
0.08977801137696666
0.20454907279085618
0.1030960254666723
0.14113756325006535
0.04692478273833187
0.216371579051296
0.2270987309954188
0.12559694574066763
0.03857353114958969
0.08861495675644902
0.30908113633949935
0.10345501463707285
0.1900993557356315
0.07319449415619725
0.19708495910803944
0.3081687010067866
0.2146962491481356
0.20362907307146935
0.09120246706683288
0.3067271858996387
0.10692810758554154
0.11110388160068985
0.18178169363924132
0.044945837809935045
0.07384127519381044
0.09035761779519537
0.10409140158387671
0.03738467685991067
0.18216310889897866
0.08542833575580107
0.3067770206812039
0.3192968495888016
0.1820339805034916
0.14236248923894568
0.09208872322989747
0.10423329509189673
0.07251270558682438
0.2240515536517744
0.3176178310003867
0.07675308079898031
0.041974600901306246
0.06712404470802598
0.29215857519137184
0.039296228300453935
0.0995578958126024
0.07407995641299148
0.18133659432013963
0.24468396109269117
0.057043073776288755
0.22149175628300907
0.2918405705567992
0.22825589195621335
0.27465534383559076
0.22127748660427934
0.04088999569623126
0.2771058081613264
0.21112252813519117
0.2416513343787157
0.21912973583713813
0.0922855760023194
0.06844156606928102
0.2793113991177813
0.21795024617341915
0.24048859647858956
0.10735838059172327
0.111344815194106
0.2835506722506259
0.15935457052026022
0.20192444402802145
0.11533162271993407
0.07923551334828248
0.21678675577986772
0.1099331514064627
0.21357065588715876
0.08039456391604305
0.047001811497226036
0.07762229925307378
0.22860733851932302
0.09487447780416701
0.24547319653857377
0.08631803089808791
0.22971380988022813
0.30645435819283856
0.0778707132026239
0.2251366267279534
0.10556040561909841
0.10703714212267952
0.0700655368991774
0.2210884874431527
0.29431466582483123
0.09901673849882275
0.04373512203134758
0.22667545572480063
0.21327833896206616
0.2048058018501652
0.07139508231085835
0.332123778930241
0.08211697869997986
0.09387111138523156
0.0802559475701122
0.27401814643668004
0.10674419403004314
0.10698803449059092
0.17844137732231866
0.2090322407066906
0.1034044918065234
0.1394739169160414
0.13955563562128928
0.2751924921863567
0.10491598820518942
0.20892956059278134
0.07972824359496034
0.17698737115184568
0.04723143028071794
0.1989202895790181
0.041752921347501665
0.10860733485304243
0.0617347579578983
0.09042185890735892
0.2839208600377865
0.07107102158171381
0.1032004543077576
0.22012820248805953
0.07073594651238758
0.07730948520359841
0.04051542889090199
0.10464045547052125
0.04766947695978624
0.17754755042706818
0.07803100089715033
0.07758021458097386
0.18699307292268788
0.07445820279750191
0.1980801537789562
0.10193189089394494
0.20837969201304696
0.08490234794464746
0.1886310552710627
0.20729900019705663
0.2019831690665811
0.07236230419344282
0.10014667958059936
0.22407123231008427
0.24731810187978928
0.08309848894619336
0.2036048815375546
0.20105971051471302
0.09463328632671962
0.09504695652261856
0.2748698967168038
0.08049180730432245
0.2861834937965297
0.06991347884862086
0.2752740257334842
0.17709211862462668
0.07841320459221017
0.08947681946884112
0.17610638218796604
0.07986670194947043
0.08913015190260547
0.20086216369196538
0.08038044697440998
0.2054436644860529
0.06960944236711729
0.28720031910588045
0.09202739346850757
0.09201682939654755
0.0876069575496796
0.21650518944950495
0.07764130223790384
0.051090546912814554
0.3109918502348329
0.06634276162415746
0.19190266023603517
0.09188112853510672
0.20252909158846413
0.08878873030027812
0.07287355841988868
0.09165634732723205
0.07200364036147101
0.07401245419609027
0.07283499267101957
0.0640110344097246
0.08515712882318209
0.327684141399882
0.3556694507813243
0.06251179646946163
0.0679887478288569
0.17627166810733277
0.22735567689864986
0.10150257038856618
0.22530245204137447
0.2176660878178435
0.06398814914146685
0.06397670289413422
0.08668257258312682
0.08031031543811036
0.2037702039086985
0.3426726048121271
0.3423437780194296
0.17917825973505952
0.06936111986592171
0.07030563021380744
0.06531817532404444
0.3400471232115963
0.06987123101763407
0.061525923165751374
0.21029243762732866
0.0631139674652825
0.20198489807478762
0.21529656651750015
0.0717475285352527
0.07324588223754656
0.06329516893714343
0.05978629173393895
0.0695375309551571
0.07402696601028941
0.08860198682399632
0.06152437748400761
0.08664385936999781
0.08030175040993912
0.08369117163062456
0.06452174868793735
0.14700499017516291
0.2751677505440665
0.29863175537691605
0.06373262385173031
0.06304478661822177
0.18553971269369096
0.06730878611419193
0.06760393443905914
0.05983354037206578
0.07753464060374314
0.20216837468296633
0.17890955081556847
0.07830668759091568
0.07576802406960013
0.20658296575263038
0.3448412853226075
0.12701820695498817
0.2707787518054729
0.06409332010704227
0.18909562313796294
0.08116725693367498
0.08428374718915499
0.28830772960659307
0.33100888181477095
0.22327351233048584
0.08656425727978945
0.31758299006873925
0.07714577595193246
0.08332024043173285
0.21041489988650294
0.19445901013221165
0.19425867714531175
0.0864570207370109
0.15723619883871473
0.08552946577280983
0.08371403766125851
0.0646356207501872
0.08397232118512243
0.06239395083740101
0.3515250381172356
0.32591919605409153
0.06870061625743137
0.08402073596085508
0.3000182700347906
0.08319205894993321
0.10099036623511597
0.08683290384985971
0.08590585483892882
0.06922627299228402
0.20846204156390424
0.07249400349082531
0.06985591923283192
0.25231546549645895
0.06775077820800558
0.06699307458836512
0.0569999883209947
0.20530339970157627
0.27757737629853346
0.2111780385850497
0.08081198136389146
0.12450630721730767
0.2643121901502818
0.21076939395999883
0.3221768736593928
0.06675563570020775
0.26143523071476965
0.06493896583969262
0.06742510045560868
0.33542111378287415
0.07972747066024267
0.3182335019481013
0.06617611408425121
0.07187230631794123
0.08668954662320115
0.08943558578309185
0.06913351249554134
0.26719317117518576
0.1795547750577865
0.3415474306885075
0.20111861078523585
0.09033771994254336
0.07225543076254967
0.19875940574357256
0.19716625217245698
0.16198593619928378
0.20504250499779095
0.2899891726158825
0.09258941059556329
0.07473846169469396
0.14326219367498685
0.2623510429917221
0.061959449796738425
0.30315298777386085
0.06822620302147082
0.22290415040255626
0.19632176900828116
0.1737554114048162
0.07097145628575198
0.07024087188937217
0.15055804781944865
0.06362809663094766
0.05585399546869654
0.093802461209284
0.06771925006933122
0.33399305030190923
0.07166446072569542
0.2032654606237805
0.0831909625514977
0.28028458826978503
0.2800671443672231
0.0955280905705425
0.07805030720716001
0.07807368961039186
0.24318884428224738
0.3111076092740794
0.14958213804108844
0.07190899138447625
0.21871578111675127
0.28155404762688446
0.06621694622629835
0.22272299170779566
0.24017324875324178
0.1804657611665582
0.09599232319121903
0.0776613826450076
0.22096652165501118
0.2596540795030237
0.08291426462489747
0.17967462204829113
0.08343222043045784
0.16496206096600607
0.16954197076153965
0.13328026771288665
0.25088839713824723
0.08445258515190153
0.1566050365238206
0.09407111201164421
0.0843213562089768
0.23794488242918432
0.2005763729707064
0.07409674363078454
0.07510651492228143
0.09679004333423656
0.07666891237489482
0.08169717884270546
0.08335233568022453
0.09172209837782175
0.19833331188216588
0.06660135082070989
0.07480185273752026
0.20655404017491963
0.09635239948676484
0.09341504586339207
0.24678649161362354
0.2121045734194503
0.0683120559323159
0.09229437426041619
0.06466244422081391
0.13541859312152946
0.09299419844328217
0.07761183840092774
0.30103343236005636
0.07113312391323734
0.16311470251828256
0.18392071707116064
0.07120619278886285
0.191332913558534
0.19532125728752647
0.15868981585629546
0.07114948524315237
0.2068234894996086
0.17338038481577786
0.07199962985446688
0.07126664313171707
0.06923131211310365
0.21655234890033437
0.06901345060047133
0.07988400530541463
0.08589496450949946
0.07348200452024232
0.2084417808632003
0.2117217061015535
0.08801685316413314
0.08663706979334447
0.18948026255673603
0.08055606578835507
0.07017320660981853
0.06815101162894611
0.3071966261491374
0.2667363519252616
0.18752889847625218
0.07535285596346712
0.0695953498700753
0.06419820696639496
0.08462265341003893
0.05562036590018312
0.08631888687367419
0.18413154733744377
0.0780778418556574
0.2806314657525741
0.058582385766820545
0.06735920957836537
0.1922224713765662
0.08063875930185253
0.07740617270487427
0.19703943736789645
0.06596562219440595
0.1026807578081793
0.1972458125654487
0.06516476817091517
0.07937571257434234
0.17369385138292745
0.33643821157898746
0.2673682795235827
0.06425347026433711
0.06836282881825213
0.1975171057067063
0.20979842839787474
0.0684038039454411
0.2885417540636183
0.20940429065988178
0.1832792306880159
0.06544437561590849
0.07192867238190512
0.15450766119396173
0.21708569407082634
0.05973790677757107
0.06713651153392315
0.05190701698918501
0.08156472676279547
0.07076383374915797
0.0665161416795307
0.19724554517106782
0.19026684660341456
0.08250341122531472
0.08325084404968948
0.2032925378331741
0.2841056040934324
0.0715005062494433
0.07808454403208957
0.08036192290024789
0.06301532184590654
0.30678317068201105
0.28547987997631136
0.22130059821846104
0.11243495608277931
0.3490938299850967
0.20723394055751684
0.0763725861529514
0.07872785728246463
0.07545033386233634
0.08218296324968842
0.08170113365163163
0.27282476052253274
0.07022000121959655
0.19684199653723752
0.0656746060229391
0.08279240498621451
0.17242386085642838
0.05208194305871377
0.28232794934948374
0.2181980040595376
0.20216687591833257
0.1966347107185108
0.06542668827762377
0.20585552041329216
0.1964857117987979
0.0804790111100218
0.18210001912388965
0.2483573562238249
0.18003449645225392
0.19393932529711774
0.25634112093564915
0.255732065555905
0.08441889358048965
0.07460810720964894
0.2570130611656116
0.06787523571733835
0.07234529965353108
0.08818570890498785
0.07580413177602778
0.2875111916210284
0.2618385025621095
0.07075869047321537
0.1701868741890605
0.2628706295724502
0.2709272789585823
0.08335330594735733
0.07744331785281218
0.11525652459168335
0.19481073571776927
0.08872437572786135
0.11496441640182949
0.08425750433669031
0.08377643470287092
0.16803682140136475
0.08854353747210945
0.08552180504050955
0.13266673903669932
0.18979300752567477
0.20504107577719566
0.08693766973130222
0.07122752202649678
0.14829015279590116
0.3238501779335005
0.08485793759966659
0.06588033609898646
0.25309840973775755
0.2516701747586934
0.18096205742861438
0.07062414459233272
0.16706569128729
0.18490303075798023
0.2984196890538868
0.16678299195204124
0.15722032206556594
0.1799606841767719
0.2694467976106481
0.1816791685864618
0.28818509892924893
0.0621078447454134
0.2563707921667106
0.17448885600920783
0.08248123326796974
0.23729279825606217
0.2170080931204549
0.08904382960745631
0.1715664222210359
0.07409693676917962
0.07914959391246673
0.061521353027869735
0.09031639197877446
0.1971006494422108
0.08655937666680706
0.20098519942642476
0.16174398865338413
0.13354722612229689
0.07086888156918102
0.09376648710121933
0.16800978482905474
0.1523561214935051
0.22211474165103148
0.17301924687801348
0.07206831584851771
0.0844468374492337
0.07791360119971741
0.2415913859935999
0.07933168769580796
0.08035263391801796
0.09387498276994809
0.06186582814987723
0.2524534475932875
0.08703279037126392
0.06627879131474414
0.0781256462351114
0.08188443616923907
0.07583631807243653
0.19087832395186413
0.09224656663256875
0.1730837904134489
0.08145936525375512
0.06885017839135715
0.2673990911022789
0.07581506254526124
0.1981864704140428
0.08789994993039925
0.20560852585819397
0.3065386207093218
0.08708118042969419
0.20304797145780587
0.24923563548639668
0.07542869311377016
0.32734797346772365
0.2510947075367856
0.07643810799371555
0.1817428417700191
0.19999159127779823
0.07476560309541114
0.15521455611491075
0.08266300308110486
0.08648314493358156
0.07619547604167472
0.07606912188812978
0.07872004785831381
0.1642835180782548
0.08540501296918883
0.08801063905066688
0.11610628749375429
0.06985907770699576
0.2986597041351122
0.2687318485300725
0.07261479525441066
0.08478906768581405
0.07348308914645206
0.18419660127927853
0.2512034669267386
0.1723853325569996
0.07988055564699631
0.057234176236004436
0.07162414916068381
0.2824265632615161
0.07651794863065091
0.08729982870463752
0.08458875252489517
0.0678940826734952
0.07106370968176569
0.1920759238587477
0.08587060827837922
0.07192151231541852
0.07486213713053787
0.26309969173709935
0.12626994011250142
0.0888036608832971
0.2564230019150325
0.08327610902502593
0.18175505598840566
0.18171362971430338
0.07935005115230054
0.10359553704297526
0.18625972736351878
0.0854382247623508
0.15054758747655725
0.08212411054162978
0.32907530372670135
0.17882797957708643
0.07612325047062882
0.08442804488040745
0.17872005643612301
0.17839995696004154
0.17272988136911796
0.08474499508527959
0.2842899255052563
0.06865682392635654
0.26214387347947626
0.07271666992431243
0.1553263272632337
0.10343886878810582
0.08882603292617651
0.0696890396636466
0.20771091590659094
0.18711242464753056
0.19598035987748652
0.08646234237597768
0.17733101016682648
0.3239855937522332
0.12524528052990594
0.07125444549885453
0.1468535566682235
0.07394133117980803
0.1898476405568589
0.17009489681984882
0.0819074936071376
0.0723049925271755
0.07265086487490331
0.08519195703795752
0.08842342871141769
0.08489813753062807
0.08461110051832503
0.15250234079069808
0.07042941314093948
0.07001098167168746
0.19621511309105247
0.2056096663500658
0.17942171082653777
0.06842871417194804
0.2550847182980228
0.17144373592289397
0.15421035061195634
0.07238359977094641
0.24294843655719464
0.1042502870844758
0.30437912241917586
0.2083944514155048
0.07719864531096853
0.06603278218433828
0.08514296488243323
0.08054412037615917
0.08048697451868618
0.08073467750491768
0.074360826502272
0.17755334340355391
0.07207557669623281
0.06797523654133085
0.20370276264927653
0.3150491667442645
0.06949450674373404
0.07943406926337225
0.07124216795394671
0.07908398764520724
0.2885967185351931
0.33643087520777093
0.3165410927488251
0.07855811516911528
0.2090834798983722
0.08764399506704855
0.32404430365963816
0.06630644081444287
0.06603189372390891
0.07704313446961249
0.07320434455999188
0.1964099499062427
0.17091237373565327
0.06847705677187219
0.16643276384600483
0.26020663977413183
0.17613003495620774
0.07116317087550278
0.1681529435129836
0.06759827017486232
0.25800375444403784
0.2252091075130588
0.18339929872027713
0.08015424750873447
0.1954935281004523
0.0835701776830351
0.08455115922926948
0.07019349828286302
0.26978376351999717
0.2478716932058794
0.18555879915309545
0.31697762781511346
0.0662297390859231
0.08549948656102217
0.15554635470694275
0.07563301654614003
0.06074392671074468
0.19462031013263373
0.16141172178512797
0.08332658787107684
0.07608188714151475
0.07808325690435719
0.08420335045550581
0.1953221688176666
0.30434415978278934
0.17230636397580493
0.2948336367866178
0.2217824284889446
0.20184982715375047
0.08507098804202758
0.08522949764138404
0.2964858269314045
0.27693625529582483
0.08208046465700773
0.09126068983825646
0.08058468630496947
0.17966925021041166
0.09005978246291522
0.0768770674166334
0.08273818404222973
0.09187753781188986
0.08801237441531078
0.07488559113840576
0.16130922020094682
0.10284595325132896
0.08596548379453388
0.19746032397248584
0.06338838065182682
0.07197231704063013
0.08261314247571022
0.08743562861931516
0.17092640540969703
0.07998194158262893
0.07121510078381307
0.06535204410609251
0.06510130291427652
0.17121018081924055
0.33539384790031007
0.07544321936808991
0.1830776937174786
0.07957609553599376
0.0825434549514953
0.30920806067886636
0.15014638499042052
0.07877960510850278
0.18315276375300726
0.06827785407009247
0.30070966039296365
0.28072191786962014
0.06399652454044298
0.17025598071787496
0.2039007083462394
0.07302444940564208
0.06397383109559213
0.1802448097880803
0.2567758355797858
0.08067218415334891
0.174750090497961
0.16897293325123494
0.27783998926502446
0.051597311560275756
0.2508929430286269
0.07961957310393257
0.15392729432372865
0.14365767712460845
0.10468262492298179
0.30159637725067195
0.18213605096687535
0.17638431966262738
0.0695736586071274
0.26893369061182343
0.08743270917297326
0.07672635044624339
0.06908250840281717
0.0748627574807303
0.07896903031741014
0.15071947013458986
0.07348075922211628
0.16330110827739344
0.07330801036773371
0.07463475494916498
0.15078851376852598
0.16611152165068768
0.1732723913198344
0.0780574697985713
0.08606209637595486
0.15169617760328372
0.07632242383948838
0.07125698930674539
0.08457102699096503
0.28102814348907573
0.08082445457895764
0.2817369510829859
0.1973133847946323
0.0818697904595801
0.08353830500435655
0.08484566864305672
0.3304835671150576
0.20734022360928192
0.17619124761344482
0.21190348968190062
0.2644438998613965
0.10464379529352975
0.07259823756088546
0.06669777196683752
0.06892555198787255
0.06864236866998767
0.07487678685234922
0.18434871038296544
0.2594200316765913
0.08524323132755618
0.27558655728415693
0.0701314100996096
0.07679259300573121
0.16837140974990997
0.15769342670645772
0.27161617078841166
0.07209659048504682
0.08152823885770343
0.07987893787526677
0.2754939574007378
0.3194989102490194
0.16525990080609543
0.2055201652683397
0.204030701446375
0.07366692760844121
0.07191304343507453
0.08830455565746692
0.19366192260439496
0.31888937980446447
0.0882138112605525
0.1980727655771224
0.07813505869929452
0.0742039911495961
0.20328589591642707
0.07796982381596643
0.31322069904324307
0.07421915554917431
0.08738494390046818
0.25111053878784817
0.19602455078593128
0.08877543753181154
0.08352354975454235
0.24686046167243073
0.23855526789374204
0.08124155810938355
0.25806839039970025
0.08456247112699161
0.22533240658209006
0.15471796372639582
0.07604190215711491
0.20158850245134885
0.09115517505474104
0.13264064226964245
0.07462378870178243
0.07725231785223338
0.23562026422719765
0.3123188707550601
0.19544217499418792
0.08495324442146851
0.1638326363834079
0.09111258068320982
0.07760978780168237
0.0893706815131964
0.0735863403900681
0.08049007516807645
0.0766512602253552
0.08889871525667964
0.2652547973950585
0.07872384562303791
0.16340521177083855
0.29380369101726045
0.07259793519852606
0.21472715848575316
0.08580124245644251
0.09073885373464934
0.08480759845132317
0.2117379709149743
0.15981153930383277
0.07744091181360604
0.08639782058900188
0.08987092435442913
0.16670348811711255
0.25640386353801253
0.16673682829347714
0.17211671512803006
0.3133109738466463
0.06858776339094966
0.08927671007014541
0.25250766321397755
0.2024696404738889
0.06842585298621018
0.08891377725352707
0.19553801889227626
0.2225598892894559
0.15952312428894727
0.1592785298916329
0.07834484246864336
0.08060213951428741
0.09351478287290423
0.08075265859627674
0.07719903118184308
0.15686099880470114
0.24317762892525843
0.2126062394722177
0.13125763800645965
0.31316399212679785
0.09123446453168194
0.0767547363159385
0.09576698938085648
0.07881747990461427
0.1336262191502363
0.16907091600866062
0.19441913439022887
0.20593551334690882
0.07366152265431246
0.1565924042524126
0.08923969955357447
0.0845956019866555
0.16271572071016618
0.08045473867447987
0.18639922618988206
0.07971995353812518
0.21752402770027682
0.16390392304999127
0.12446856786457798
0.3100778385468598
0.19830106735341838
0.17355092138998018
0.24723543722498767
0.08984526291474998
0.15813996376421893
0.09411046475146996
0.07960022978924733
0.0973232760918642
0.08372894392014378
0.09427543638196689
0.09395947074542717
0.21968088471700276
0.08580938589330926
0.0932657950490907
0.07611752593775649
0.07615490637147286
0.19419585891417945
0.08400817568465746
0.08279211626980355
0.16935739361828153
0.24964103909274304
0.08738074768978804
0.20110123519151402
0.0802062122886663
0.08912054685817301
0.20875547382851758
0.24894219119058422
0.08419770590176927
0.0883506937078218
0.249501294443383
0.13474196810432118
0.0850092721435493
0.06732195269854833
0.09169832506156733
0.09058389472769617
0.09304306557099395
0.1900275199946798
0.3109564912298757
0.07757431635574925
0.14130635728907756
0.07823488346315906
0.2648398856562963
0.07836836181581268
0.1725620048981463
0.2744567773824895
0.07812346296446737
0.07760102626390492
0.07835426514445663
0.08431061999101165
0.18456998502060765
0.27550506797221
0.1845269123750927
0.08505270312158057
0.15919424284477404
0.24704526208281374
0.11671532373817291
0.1995167701649724
0.07593051226894794
0.09129329883632474
0.07912543325452308
0.27286681791998896
0.07557394593691355
0.08717824736813412
0.15959730782740342
0.25440147939646424
0.08504035076728483
0.06859622295980838
0.19690005094619334
0.2012048461837811
0.07935094040898329
0.0905871409620862
0.16052283035040543
0.07415692168001155
0.07580439698358003
0.07586256092786008
0.28639434785224677
0.26771202277120215
0.197571369256525
0.15520824376283301
0.19589051390879095
0.0795684875162439
0.07157503838375022
0.07889831342057459
0.14262605605900414
0.2377739271575744
0.07120943754028569
0.08435398213635126
0.08429933424295843
0.08822895582542391
0.06857653476186078
0.09039619880811799
0.31292291319381266
0.06871684068239532
0.14345208239340676
0.2020649857166655
0.16291760571608116
0.1556490533760645
0.19767468886063874
0.24907331828394805
0.1986833740182761
0.2541456248415939
0.15443081867152397
0.07744716044909618
0.17843937092457043
0.06266089913492599
0.09077220788987767
0.07872847837103189
0.07590641759863272
0.31666275416663786
0.2919234483119477
0.08032088659744001
0.06949581706463345
0.19662543431330415
0.0891249759323587
0.0749289325215911
0.15723640402581562
0.2625863853418353
0.07988207132566645
0.09256587910943614
0.25005119892447614
0.07650763046709284
0.0793504199142976
0.07945133967920927
0.08484561097050863
0.08521828978340394
0.15986692659310547
0.08374000043645587
0.09619991737897844
0.2860853632800267
0.16003255981903017
0.20177026098197456
0.16453997927022818
0.18379859251391087
0.3146294606637126
0.07854625873021831
0.07649653958227746
0.2565830495950571
0.19724075795467763
0.07658432944784294
0.19710131058569505
0.07918241418873015
0.07829693282161988
0.19580548377370244
0.19306757977530994
0.08606552203566781
0.08905920689903196
0.21204240596302756
0.09012606292126514
0.14183432028390458
0.19594618902866187
0.16087254563392867
0.20146324093463988
0.19542860430033912
0.08884355896490868
0.2753824042432648
0.16362330953877371
0.0899046778592218
0.0790539023790959
0.07713198290259395
0.09590641974824676
0.1592604563402833
0.08230065686192561
0.1930321760332719
0.07791636809281936
0.1727901990170602
0.11665913425458767
0.08730432139988424
0.07279298958819909
0.08553095366483925
0.08339356566222894
0.07614078715673249
0.0851652867212539
0.08412192165672179
0.06867267858250832
0.07375723339564434
0.19636452456039089
0.23597314845303682
0.07160953260438505
0.0674889981732935
0.20687935869958982
0.15268145457111165
0.2511510861664156
0.1945583500485406
0.2757048073721821
0.08039351432472824
0.08135314600641175
0.07038860867963317
0.08274030130722863
0.16019362652525707
0.08057300717001818
0.08254369415104729
0.08259158774127201
0.0766244021603246
0.06661195829818796
0.10545182001724655
0.08602706746874755
0.0697610820569093
0.18216326468275465
0.07751187581943823
0.06561351760717772
0.07692281688111964
0.20592248924671008
0.20472436340355016
0.146541477676111
0.11362666687672536
0.25768202259644035
0.21794388199205153
0.16928958824007556
0.1527304682197395
0.1823244199923575
0.19849558052045524
0.20270528840100757
0.26468591001046476
0.07666096807061547
0.091733386431752
0.06803835346769521
0.08060626421480767
0.2859518056021693
0.07915911816829534
0.1541827894086614
0.33228595558580265
0.08471456344499069
0.06831310784343313
0.26512511514141257
0.15984178579260408
0.28195996444904586
0.08021487229712158
0.07311548590486609
0.1678988989487585
0.32154919784088304
0.06945471318240372
0.24867467037517535
0.27837282241341393
0.24962350686838994
0.0831210259358988
0.08755097744918926
0.2691136059657087
0.177172976237337
0.07903888530575226
0.08767312362804648
0.08831036893763235
0.1718139952542458
0.08529772340654507
0.174603540469381
0.2536005506716191
0.0755893698311827
0.0857489087191013
0.19259389874718436
0.08882345894527537
0.18516845886943
0.07755173141863034
0.08592991797059733
0.13343994535615367
0.08494061117928724
0.08038151899517348
0.20278562328044905
0.1510804682199659
0.0870121223683819
0.08368661201396173
0.11826070311520492
0.07479279047584379
0.14353082312044335
0.07647737015494449
0.22062358629816634
0.08773476465371054
0.07378358945055553
0.07346471548225102
0.1503327830336252
0.08377120763079186
0.22288739521674916
0.0842266859908215
0.08138767847188412
0.30787235806227436
0.08597309641891349
0.17729442201865653
0.0724059337839497
0.0852815141983771
0.07971810809388258
0.08291919717614685
0.2827683904474708
0.07889499619503289
0.2644494102984416
0.08273768550042783
0.23480745216900348
0.06712512043304832
0.2741595768098164
0.2531759868370649
0.08156062251251332
0.29271667911157945
0.15322576200065824
0.25964314500424185
0.27083336178495093
0.19748755404328774
0.08208829714444042
0.2715300896279352
0.08747717725272354
0.19578046618772196
0.07615939789315554
0.20522147987727446
0.07444406447346068
0.08372183066959966
0.07499307338855461
0.07450803205445324
0.08735399489454042
0.1460900313147524
0.0734153184905852
0.08685873608339482
0.10444545626443724
0.2774207645152842
0.1930806794042125
0.08383335651859593
0.19717019667111113
0.27720175585384504
0.07042207345950861
0.062343548115663276
0.0836954695077411
0.08584080093204564
0.29735498787921383
0.16478906823861592
0.16476285580123481
0.17985322976564067
0.08786099395439106
0.16674927678829254
0.23493512307199307
0.08499092407467844
0.07942475381551176
0.08509165547059953
0.08688396921591944
0.07965530793697027
0.06863931894503351
0.19591098026141185
0.16519488526699136
0.2349947514916466
0.08443147920564965
0.08208759893206809
0.07177371961576254
0.08364882864379992
0.17397529089822394
0.07084683275224836
0.08306896058374065
0.1529880688755817
0.17123710628150565
0.08006624079726053
0.05377768195764657
0.1992502506960967
0.07016871399922944
0.06984946322254698
0.2837478357263225
0.2750786121231528
0.18345467467578538
0.08254816599674512
0.08231323292623004
0.30380255038879117
0.08070382429318895
0.12853431414369812
0.2532860207879104
0.27439984727824834
0.08159275140681882
0.17688365692862043
0.15878806771302603
0.31032959092305634
0.19799748526669628
0.08367120336625904
0.08053240883084899
0.08584590512952839
0.15160632294182214
0.08032132035107908
0.08023525059015056
0.07182751882964784
0.27119254374106033
0.08267199040170155
0.08811034958170035
0.1956399567298502
0.08309062752119907
0.2027211247693054
0.08519839247802412
0.25147993091747856
0.08298200445237303
0.14432539727103613
0.0837871937267944
0.1995544357280298
0.08538004519488844
0.17627651447064685
0.14400328997714218
0.32152065085651954
0.17980408922552812
0.07025213842982592
0.07527380302313685
0.08088153068186969
0.07104987249843998
0.19762956229167172
0.20201278311457863
0.16559388934555405
0.17969178643677264
0.07809897699362733
0.08162131269919255
0.17677486025713518
0.07789137988836035
0.1498889448339198
0.2952070313073422
0.08745312017487726
0.29502461892290227
0.19752666954080586
0.08479582597662859
0.3124429802941544
0.17734166146265215
0.21437617918644183
0.3166087874024867
0.23368115078099436
0.08999710482265728
0.17634819660157333
0.09235750001509285
0.08133323673706679
0.09542090695136805
0.09008182541544231
0.23091767047622147
0.07919694243054905
0.1259414826880423
0.08611175861344987
0.2190201246672627
0.13442985420674133
0.09600336777934877
0.14789463617326407
0.2877060706409702
0.08215529556312477
0.07661964605435284
0.08268778195374585
0.1651171986585375
0.09196812443466514
0.08984414395504935
0.07739440183467179
0.08004529934839046
0.3087786037576315
0.11736452552833665
0.16532433586202322
0.08625204386504805
0.18997580990253393
0.08589354274358367
0.0922701192732527
0.08088453793191958
0.27038686616084145
0.07870429946678868
0.21484069609226833
0.1965372127557554
0.08612555040635322
0.08107427219095466
0.08177074972101332
0.1736944105794647
0.0824054830241226
0.06541592200865202
0.17383481868664688
0.0877691320831272
0.07922197944170438
0.08392950593063735
0.14424979931058124
0.12590355965947944
0.15123116458021593
0.08880422926831182
0.0880903087978538
0.08630121365506936
0.07482097718842692
0.06731020073058668
0.20321578233260895
0.24940080076481916
0.07814569133385868
0.2034204333478816
0.27161587102352014
0.07731792152893498
0.26182767959128833
0.08288923238735209
0.17121113435259586
0.20338246432573737
0.280535368981181
0.08404080736695581
0.07045410032499154
0.25781625652447665
0.2449082921404335
0.2047734721773901
0.2592413062939965
0.08567647037184108
0.07517892599977648
0.15107449722530295
0.05750064250324338
0.2509552576750456
0.1559468549948341
0.08538628171513268
0.0883294958900969
0.08001603485303367
0.19533801865111508
0.24578284526694047
0.2481890855058644
0.07383878380002863
0.13314387426571428
0.07701975751979563
0.06690412014157325
0.1684640760812287
0.07882194414358025
0.06942334624853018
0.1540332155963681
0.07870113704242769
0.07749053715052129
0.07719207654746214
0.24444516395928959
0.11802869150809088
0.08445434619036712
0.25330389474039033
0.2665207872667438
0.1826906771939981
0.08206271213291261
0.0880536789284961
0.08797942003589075
0.06976312041612708
0.19230245828262074
0.28598424332123196
0.09006505245132938
0.2046537482331857
0.08005531729069561
0.0856058081599319
0.31385524506448514
0.17975143255999462
0.31943927311018133
0.14244930838973474
0.09139269423564982
0.07635963380880885
0.08260121630494797
0.07612906857287205
0.11830128840016461
0.07556854729132433
0.17093037656142307
0.07476264474500892
0.10423343857161038
0.13444783915965738
0.3220710383101362
0.05782358615449796
0.17616482834867705
0.08913135362222314
0.08798133965218702
0.2855612352008888
0.0798950805225186
0.23292033476262083
0.2025408406553754
0.18635356438095227
0.08515522371088276
0.11877239339971184
0.1968141461551364
0.08187699319811782
0.14986642676979708
0.15064469459514254
0.19688833729969032
0.19637127451794933
0.24658211705124558
0.2636505411538788
0.1769863463385836
0.09141203142492293
0.08622257603582935
0.08784373802449598
0.07611205233251826
0.09433301600041429
0.21902963170444778
0.2697042446139304
0.06568561654328965
0.08631977412678675
0.09327654974500675
0.08164038596926478
0.2189249908234809
0.08812986763247917
0.08563846446328528
0.08075963924271322
0.07906297390247537
0.06890252420962972
0.25311119006563426
0.13199305104449616
0.15923345985172696
0.1799490356789676
0.30857070242171974
0.20362025223683936
0.261645449765965
0.09331781238545034
0.14629893342876066
0.08202028674682028
0.17502443359280048
0.25974889602154555
0.09673819859243378
0.08495237164049951
0.0811991136574296
0.19617864002781601
0.17444183533390267
0.06820695307991786
0.16262680427388493
0.09599677215690587
0.1337957132316999
0.09100339301743825
0.15856357649548133
0.0827708168548336
0.21060960793562933
0.24094319817461105
0.09097968864603177
0.1683422402428125
0.07857522686257797
0.16254581477013588
0.08763886940639432
0.2592436934248345
0.16540676663282533
0.16538316507844145
0.08119301729174587
0.08317020990364131
0.09590777446959498
0.06822734665007467
0.15867149115199197
0.08075750735013441
0.08247015294237627
0.08606843246723962
0.12568992766462558
0.19881456179055293
0.08684758187617247
0.08509755165854549
0.19551319701950787
0.08762291749992723
0.09034610551304494
0.08787025927951132
0.06885635152864009
0.22312286152947292
0.25586093776015106
0.159773089847591
0.2233184276204608
0.16897275484111815
0.26432643694095875
0.09044230203438543
0.22199680793644974
0.07863604009262454
0.08458589451085076
0.2528952020810725
0.07737783748584155
0.2480300434105349
0.08190661536200876
0.08775321903293144
0.08259801195223608
0.09458961347827365
0.08072906192836161
0.08012864637779042
0.09166458009379268
0.07642890458778608
0.15667833617988888
0.07789708884087058
0.08863834311919043
0.0863630227177049
0.09191622600641895
0.0755195968349629
0.15967234860994403
0.24618364948447694
0.22396918386296324
0.08601806955506619
0.1915902427506513
0.08505168469464604
0.07774466693751712
0.08513652050759539
0.08533186755556803
0.14257954565094924
0.2578307648691571
0.2546754645128233
0.14283005666372386
0.07775445852439732
0.0854473263328837
0.0764182918868696
0.08148139266978535
0.17811663571535616
0.25688307332172544
0.19791813157622087
0.07752256880632544
0.22453470282284269
0.17850620498575606
0.07857518227632468
0.0773005698239544
0.1644392813091979
0.09022516997808228
0.0769208222739514
0.07877413024298989
0.31257505389304446
0.24367408845743052
0.13238769538751263
0.14156648619870915
0.19528633010873123
0.07992341804754245
0.2542401710428334
0.07882809070769756
0.07773316369005374
0.09320060687557101
0.15564149357029075
0.0811222951657488
0.08125196480062719
0.08869614729336923
0.18840269099786822
0.17289902385813072
0.08119362949653723
0.08054811805835028
0.1312702201589155
0.06968946890774275
0.07431623859831493
0.21079828439931456
0.07348884004698414
0.16727984679347477
0.19308733057413485
0.2051101450182675
0.19551938898295496
0.3133934517031079
0.08825199581668734
0.09193690193941872
0.07938434789535036
0.07560097526132514
0.22571578264066083
0.07127041560177459
0.07882980008860171
0.31586602080653603
0.08107043666857487
0.14336361171608047
0.07453426468543915
0.1698665943081864
0.20327778351505885
0.08331785115836492
0.07738611154422886
0.07176443199376337
0.18056549632287092
0.2522874867962692
0.19800283195637616
0.06940975512981601
0.21274906528500312
0.08239431464903818
0.08682494000546744
0.19800112783168833
0.16587758318286902
0.2057848389680218
0.08745490024891622
0.14615405196374656
0.07358708327980046
0.07323873870676352
0.08520992230744606
0.3153918678999135
0.07889687692242173
0.07242880450593701
0.0681508970687182
0.14638960998646014
0.08696481683479244
0.1522658665743633
0.08138448123046012
0.15338968595289207
0.08114623782048537
0.07204714557940159
0.08252120999108713
0.08226829258028719
0.06709881232733217
0.08035370124979743
0.06977625887733824
0.3174078379007282
0.0817163432710207
0.07974068220207826
0.2903344625691348
0.32186504712264397
0.19800157617128367
0.07711856792768092
0.1798418351223797
0.07579126005336233
0.07638302274849218
0.20574197493073854
0.06494070174317633
0.08224328801854415
0.2956848262202188
0.05586206207854061
0.27770623986135107
0.07677514009611187
0.06276297848850175
0.06948956263302263
0.15618803622595825
0.32702923464609235
0.0833074385760386
0.23840425565477733
0.08032382844752343
0.25051736443987743
0.2009455786595964
0.06665032310658138
0.08192452493622303
0.1673611954123042
0.3321426692796859
0.07923497661805318
0.09126772206693679
0.15965309655919482
0.0690813194830434
0.0833211273838717
0.08231804351279975
0.08578410495068074
0.07660756739714478
0.06567456204701505
0.06835640693310198
0.0759982643169081
0.07943980912728062
0.17269575688873132
0.08655262621794511
0.08238416300311072
0.16006731502007124
0.1691025209661756
0.08113722109061795
0.06508122809701256
0.19781563124482882
0.16926083212271403
0.2661255027011061
0.15280612840815536
0.0756961860249531
0.16026963338701575
0.07916495463510158
0.0756435081070517
0.07883281608762724
0.06300420584218885
0.07808110615768654
0.15475309697357587
0.07193414948277467
0.1983733671853266
0.22146116035107818
0.17867660798330007
0.29314350689127044
0.07804590894917003
0.08023694232691543
0.0807845477614993
0.08025400791644673
0.3024151810206649
0.18187936916123562
0.0727920668783717
0.2837807572329552
0.17564184719103462
0.06169133718599119
0.06997531532510128
0.16834281297851247
0.08794629429393264
0.16831448715991293
0.062920503780302
0.20879310076933635
0.04697767702244784
0.30023499277051807
0.08249703694025316
0.059869039096130304
0.07757763884617021
0.16468185402888671
0.09400895228248003
0.08246182610787252
0.06233727461544614
0.2811464634856315
0.11489681110702425
0.16008069649210105
0.062370730606423765
0.08880632246301433
0.08784119397542384
0.29010617842854286
0.07796675777708284
0.07518794555376732
0.19503583045081416
0.07868511304973498
0.0785491184999527
0.20843801872114598
0.06317490141142126
0.20849505778701835
0.0775933308577593
0.1144728405055715
0.20623931000248386
0.1842745981145694
0.2800751489375464
0.07579015849266206
0.08033016622050608
0.09360168226290351
0.06770595827655453
0.2807348087538998
0.3231922045879688
0.2890175693716117
0.30941098954793095
0.16784130458010219
0.050117476207228166
0.07001156315162786
0.06350016331818212
0.06627105428989911
0.25265270999674655
0.07870864270862145
0.07878662459683451
0.06894207077772369
0.20427489595968074
0.07773884659576703
0.17146812776089568
0.08275736797634871
0.10661481290466916
0.07756867254117294
0.24979167713215308
0.0826863927005959
0.0805908097427191
0.15570988489637472
0.0658598834475305
0.16789858351197692
0.06275490472117304
0.20460195477696586
0.28395383004916336
0.06989886245716437
0.0767550549516211
0.0848158313878767
0.06547462432849764
0.06554731974765486
0.3077828764047796
0.19923375128275014
0.1565315995088176
0.07728681940393575
0.07892845869969278
0.07891078458703743
0.2854909312524606
0.1690973968925268
0.06931961456067912
0.284788713817955
0.17167568549047993
0.18090652661322515
0.17162705657738378
0.07832173754948708
0.19877170111989498
0.06655063767021169
0.08298559537895671
0.08003498098834738
0.0905716400254351
0.07806769891073034
0.28595614307325334
0.2958829868784854
0.0773112646696073
0.06929457643143482
0.08040349032586441
0.06659316039081768
0.08226464201102827
0.12929664575672353
0.19697823036281462
0.05618300255921547
0.27584239749108885
0.12968922431161303
0.07761693751830363
0.07428584308280281
0.08139464519267649
0.07726083578299416
0.27853088043332513
0.1554008184118262
0.19704701114298126
0.06278815134877393
0.07977901549963533
0.07685940695267217
0.08276807691493816
0.14952674339674563
0.06548245435628552
0.18363336100459993
0.08194465626948376
0.18091346310754022
0.17739473153729457
0.07742263395402138
0.08170016275019104
0.2025653812325233
0.15680992621418519
0.1675373755400952
0.2515810754492453
0.28161125306507
0.30678522925366813
0.08275371943532674
0.06353662792327115
0.08037638703060954
0.19852527622258412
0.07934319048011439
0.1491920961808474
0.0687607799416254
0.16696448452215065
0.17688781900217
0.08420288594662627
0.08317612378323498
0.14916154472146506
0.1588483367449529
0.19362669114309258
0.21158057667961527
0.07806898727141524
0.17387730275913263
0.28256503332470645
0.14359635183600863
0.07827431925564461
0.28003421947050156
0.32674566790912213
0.1705506043292108
0.077417415933087
0.20286749894859082
0.07426839967667342
0.2209453037471699
0.1971575818856055
0.08780196530263173
0.08459940083433237
0.08050591149503289
0.08389187220816596
0.09055890150061006
0.26790207092201485
0.0744514347544031
0.08786844728737826
0.1923825022742359
0.08777231967431826
0.07884822183408126
0.07465939348878858
0.2513292924342109
0.07148849424309339
0.19266305031981057
0.07269390392235599
0.17050369462176818
0.08212260729413332
0.07936618992214142
0.16427941685546174
0.18000836940353493
0.08593467913542972
0.26016703967989113
0.07150360762126197
0.08306253077389228
0.31771977047628824
0.0802606429452288
0.18007429568987923
0.14643588569992594
0.07128903285326176
0.07077681431448297
0.12729833554717643
0.2497097128845676
0.08348085494247891
0.07735772690574474
0.08268866927708385
0.08339555434854239
0.14906196215691364
0.1529915297688935
0.16608139723988558
0.07826402496601037
0.08434342752451773
0.07867055300701596
0.28374721017373683
0.08115638502254303
0.0830698275862301
0.0924118364907807
0.08143688185436075
0.07543935495516857
0.06684529578463669
0.24855125343122123
0.26759351845861484
0.2853106046686995
0.16695396718407265
0.07169974907460218
0.14928001336266894
0.06777277880883217
0.23445571966385614
0.0676298070669292
0.0721983209154277
0.15372962861118286
0.07143664442880554
0.12863296052598777
0.07449291707763844
0.10637494648170132
0.19895425587098456
0.07446581631338553
0.08397836534994006
0.09242076069400791
0.08144031546082707
0.08083819430130589
0.2847784583509352
0.06709903148327936
0.0819269821013084
0.21040257133666895
0.0572157159525479
0.2760302339400869
0.1772843673585487
0.0809179412188054
0.17702842875908176
0.06635237675762144
0.07846305271824938
0.32624957955671213
0.149308284647377
0.06939829146125344
0.07727284907667338
0.08704035781745308
0.08397880640554227
0.08169765870760139
0.16722515438165364
0.14937264140226225
0.27615871982242884
0.06934777456860738
0.19398395979363403
0.07066716129011007
0.12897524443935882
0.2106661458648701
0.06667478921349597
0.19992428356904055
0.0683548922756532
0.1449227182085153
0.08123259014962834
0.08101994095571952
0.06343491904355193
0.06803366000431563
0.08288065752549367
0.16723150310732948
0.08007161719728677
0.0758164887600457
0.07444070306802404
0.2032132145418747
0.06068337948469846
0.18024037369204116
0.05318283739685586
0.08079295422683075
0.07714734850799539
0.06756371528867755
0.060627626512977394
0.17989822816251358
0.22856134549593257
0.08508998883003617
0.059396669405111735
0.18065128153877308
0.27484248393009786
0.19835549948651418
0.059157892045266135
0.1679947193931279
0.17186108505523987
0.2683751513045174
0.2813626806088092
0.1811526281639385
0.29409057937703525
0.07399269948689392
0.13936728722739258
0.06173248135267962
0.07652444697312104
0.0622555154171062
0.06199253841463076
0.07745100933881822
0.08386877445365344
0.08904405185943028
0.20618054242402226
0.06678344747291919
0.1157658396305601
0.07788893210452257
0.29229126523211874
0.06778674006587802
0.1769831970502115
0.09035695761254293
0.19476894025494954
0.16751772034548687
0.09949247422035656
0.17401622961495034
0.21756240540461433
0.2809524097322372
0.06256022654694068
0.32339155608133346
0.16683048381734325
0.16697823172245876
0.06672508069902579
0.07955151929637438
0.16913171465726487
0.14962453608455908
0.0831338324701635
0.19658416317946792
0.07362766543460299
0.07830760979891346
0.08280085073685105
0.2672335137933651
0.32389866159324227
0.08388699604024473
0.06998493026872926
0.2614045016234615
0.10653422568803785
0.0675280509448378
0.0694828579139544
0.08367732162156077
0.1957921963114091
0.2809591210460567
0.0806982943865342
0.15579162706091101
0.16452437313504853
0.07228970675039521
0.07068131969178834
0.06698357827811037
0.3173393084855116
0.08474302254110654
0.08141786565331925
0.08402030233325684
0.08397311289462533
0.07161328601245928
0.19927648909612616
0.07834572603211724
0.06869900174241193
0.1700821172317525
0.06985182622398804
0.20665147336223744
0.05119119088842471
0.19941122516982976
0.07853507446329346
0.07821436751534262
0.06474864283781184
0.06633478757777432
0.06343648520756079
0.08284528028072694
0.17103023202165457
0.1555499346539739
0.07568622684048225
0.3152422895514844
0.16776072178879917
0.2841973229294156
0.06581458387831421
0.07309854956835979
0.08163196576986911
0.29449463597031106
0.057828361840326116
0.06700897613396335
0.209112562653459
0.07162454386079953
0.06550774722716979
0.2524000275827227
0.05942859955939231
0.06406452876115709
0.07439936187993204
0.08585734006837165
0.1676380939586387
0.11704840616641439
0.07251005135948782
0.20254817402328326
0.3380315305271056
0.07471960915115956
0.2820129839860337
0.20724069582340776
0.26760755630832883
0.18008383050721277
0.06730654229876508
0.08495097400968733
0.2794719897066143
0.04623069168602622
0.08384826916002112
0.06249166540863332
0.1554024075334394
0.33072179766828314
0.3388762016896129
0.0636317969524072
0.29988847164571214
0.2820718037558115
0.20531551016318472
0.06562261985449003
0.06613607033043482
0.2855782996786935
0.1449507869042203
0.06406124519792226
0.0792395170327247
0.08265890205086958
0.08203836970337151
0.3238136501541218
0.06974508181014584
0.14907587967731603
0.0839125980541177
0.32891978396883287
0.06874912344838059
0.1655700819642547
0.3227463949319354
0.15254983233401317
0.1657739301680581
0.24457121104097188
0.08339021538118606
0.32487779899063735
0.16648074219123613
0.2753647605835558
0.08622180104996947
0.12598613786637325
0.0871644551732214
0.09217160635429862
0.07393840850476012
0.1501163332485968
0.06514410900429184
0.08404663294761246
0.07608527267882204
0.08662866741228514
0.08727615559986433
0.15551180440778062
0.2597219792274511
0.14613109590336618
0.08661828491535657
0.3156141420001434
0.07377633867129949
0.08246552939893168
0.24426940044224632
0.09004100264524678
0.07476816450305569
0.19840340895173822
0.07215221026603943
0.08554686626376079
0.08802867411541097
0.09103338276163453
0.0852931181505846
0.1950635991016949
0.28597759976776793
0.10521721380930354
0.2031339488117174
0.14991426006594338
0.19844789302160526
0.08134203862072575
0.3218704325320469
0.25059054036580136
0.2028371443177538
0.18198078993274036
0.0825071495333745
0.07532593865292973
0.0757911462179331
0.277029643074716
0.08001830621396878
0.24837625645060893
0.2240403442285541
0.06591109511018954
0.20200795012400743
0.20192600901352328
0.20383194366585164
0.17261064495302128
0.2677968110209676
0.19645654702567525
0.09294555751657747
0.20135440854425304
0.15780048224164978
0.07509964075765223
0.23903067689744661
0.08026965396299268
0.2698215446641949
0.1868156080007497
0.24988873548430446
0.1622414743039914
0.16210368176574336
0.08482269967277516
0.13339302542335058
0.30132901681348284
0.15897028289174064
0.27329270353473767
0.09432405153626501
0.08715571103637053
0.07666467587682552
0.095154729471152
0.18788642592266025
0.09858203051194586
0.09761024419803964
0.09350845864505421
0.08879906229660885
0.15535233476886087
0.09400402928838696
0.08584196811001983
0.24812081822107157
0.17375501018538622
0.1741643044800806
0.27713976637693355
0.15531450874170696
0.09437539998683941
0.09233234837508754
0.09431774553400635
0.07114621233204506
0.15542277796560486
0.08903879079405423
0.16144644377914744
0.16277472074405075
0.07456329835502683
0.21252942232318708
0.08737532784082308
0.09287753672049635
0.07871033725645009
0.08640193748139736
0.071680423825817
0.07123474400303742
0.08779950680710384
0.08205653314414232
0.1633124815132666
0.0694009564063127
0.07133413039629964
0.2763754802876553
0.1566256354525897
0.08773724667181661
0.07875988309469546
0.19535818209500957
0.061066542693432306
0.0708890575203626
0.07980164257447274
0.26175690291476666
0.07394527894644065
0.08374111636299779
0.2595821664458846
0.08490347839507484
0.16600486268167314
0.0724699253585917
0.07862925796336423
0.20617893745150254
0.07236421704858496
0.08283002977692831
0.0673603919693253
0.06500211239653296
0.20447444079529567
0.19626177461850444
0.08434175040250093
0.0710357358618809
0.08140671561681183
0.16657129889784317
0.06579448209884968
0.25348365933897715
0.2073640732426659
0.17871665631046726
0.2847565764009938
0.04970787217180778
0.07685634842865371
0.2684770131246839
0.15607185607094795
0.0660446552965115
0.08164051326068762
0.17056439777440083
0.18306031242180718
0.26179569604208774
0.0880789767279775
0.20008372982076406
0.08403747632669127
0.06606003331067496
0.08777851600464148
0.07825267441927937
0.06721718831778783
0.24868945088324101
0.16639814391062543
0.19901904310502375
0.08300812213141234
0.06748959239432079
0.07715243046522441
0.2484639046589339
0.07885306969262439
0.07884891983445848
0.3035916980354041
0.0793999672443816
0.15458490704867664
0.10650709813022097
0.20701887185952642
0.16638895272837564
0.08466424448073506
0.26406796138339667
0.05313388018507558
0.15826569987515723
0.3227156753240798
0.2810772800694856
0.20246508079488382
0.1426390731386181
0.19549849309488185
0.2338394193227741
0.14995064442159858
0.16093528051585496
0.08224581021505813
0.24520681609635323
0.08579770242713465
0.31166275395770854
0.09763998533441313
0.08646016690404577
0.24417842065126102
0.24024535709930117
0.13189558736453144
0.19657652574495812
0.08295075386455769
0.2621916821646489
0.0978051832732143
0.2269070896579869
0.1331857788335424
0.1617130221235951
0.202571382665913
0.08208848968480907
0.08136105476907936
0.094162694739366
0.07284924398413412
0.19403999988641776
0.25054189228236384
0.18463552156978483
0.0997169432486007
0.074670035667035
0.16770931014656223
0.07996888085392619
0.15708028718966574
0.1845284670393136
0.2534279000602498
0.10187138190589995
0.08022176828681335
0.16080076475698105
0.16281994035415073
0.22773693583515184
0.18746537332129007
0.09236146499592761
0.09234701370516156
0.19659745716414967
0.08873976693097202
0.16463973193697282
0.09976245906183133
0.30054552507013393
0.15718865009334215
0.19439051058894638
0.10109105916061117
0.22282023941762263
0.15722792841128846
0.09902842489469017
0.09554156849448586
0.07745828668646774
0.09793896830304653
0.08001787411504811
0.16125456897452706
0.09571704964954887
0.08681699598294601
0.22849019650672098
0.08798082020204485
0.19928616766060556
0.2731681155122115
0.08656794693474822
0.08991173988728818
0.2830364373838483
0.15590445829724875
0.21466429182364466
0.12445302627481765
0.21428837125061442
0.09610808941654653
0.08694167457440365
0.09741347198630862
0.19762327180368297
0.07511494703720065
0.0747087960903469
0.1949606139424891
0.15585484845075195
0.07657535284797697
0.08438500974982839
0.08181047692891648
0.24479220877978725
0.0853378784432295
0.07895672979253998
0.15579099829906565
0.2071388783777157
0.16202495815011986
0.09297632669372387
0.09323701517361216
0.07501839661719224
0.08728892173465108
0.07906228674135311
0.21342192698704646
0.16230581820993237
0.08588789406472928
0.0880003358103832
0.21533452924808072
0.08009041442245161
0.2496881684861343
0.1648018253019464
0.06972890037467278
0.19740256429972422
0.1974542995836288
0.08286533204625866
0.25933296112156407
0.07206442167922637
0.08765462039183586
0.07965516217865998
0.18701232939281007
0.08579396995494011
0.1952606335854199
0.07303639401331848
0.27580315331676103
0.08523642590512275
0.0852156265070055
0.08246286157816281
0.07188621347746056
0.22257183626790997
0.1988004936485546
0.20548800961958166
0.08098224801490661
0.19814618011824972
0.07718793881879651
0.07936692549916514
0.30817243635029384
0.08621738979574768
0.24473498680822536
0.08614289936153495
0.1990339009059927
0.27987345347200815
0.26997734336398016
0.0888757576242765
0.08375835757436269
0.08744009329098994
0.15581540314550532
0.08789197666436181
0.08462366113532027
0.1956049511609125
0.1926673946618188
0.08151206704487392
0.17017069002363158
0.0852047704054985
0.15730754537833538
0.08512659001440603
0.08791896122273474
0.16404179461158327
0.27768291431828773
0.06777206099260648
0.07154089719367739
0.08480975805093388
0.06108624651165589
0.20473127291272877
0.12719709603816085
0.08484369635432994
0.2790953514539885
0.30830955838096696
0.26943309535506116
0.12684497192190053
0.07335063362550302
0.1758809917810097
0.08048222118046158
0.087496805520908
0.20280017639888628
0.12604152729134382
0.0733266652189859
0.08325281701921813
0.2574465332528631
0.27597037568427063
0.08905150373372848
0.06339293968182748
0.1636974464025449
0.22046276019441938
0.08931178440528119
0.08536755750935798
0.16501936598918598
0.16397245900844196
0.05867311038879721
0.161139292041986
0.08631686170008286
0.07037782674814515
0.08166912601359196
0.2842335601204105
0.14992496644222705
0.2593315397187729
0.08305693403348317
0.08610720123480131
0.19851832954248586
0.16111945939995367
0.07677038729412299
0.1438363963000053
0.08318689231229907
0.2589099918752746
0.2024582401350644
0.05882098364866218
0.24956785961185216
0.07488788884485954
0.0902718720246753
0.1971566293499812
0.2373988908922501
0.3141014850509614
0.14976131419898916
0.20244748988967184
0.07858429679311864
0.19678887790979002
0.30248274593593094
0.08573343353261999
0.08711952151980118
0.07796840581099589
0.1580979140222559
0.16791575362270936
0.16192151596123971
0.14784582129242632
0.1716138967756714
0.16189226428065223
0.09120786928462717
0.08713122056526135
0.19597561467735405
0.08714458009522551
0.09147493125961759
0.07539471973058406
0.06970902062281253
0.08552587531956705
0.2627054576278318
0.0778109352048212
0.07823234174842593
0.09153691363017961
0.1326062271562876
0.15820665832820036
0.3158458878962757
0.07331818844249115
0.0928561459500633
0.07807552916368385
0.08974270725088528
0.07923849586278442
0.2476131428199918
0.08192262529009177
0.11846569285209657
0.24485526912942301
0.2024766535457699
0.17341347816031472
0.08944837289453793
0.06577044384145579
0.19193917081638534
0.20248108238211784
0.08856570088407682
0.1674517671226798
0.19690478928330132
0.0753089298542396
0.27250796798472937
0.08353888096027816
0.15503915426637452
0.07042037636684985
0.2466234730696164
0.0805451165026191
0.31206208428805166
0.06980646583662936
0.0830488498762774
0.08360694978963139
0.25963795663075523
0.07377688397192836
0.21179076577104528
0.23247788943858563
0.2322535713253909
0.08413934995052143
0.1973957203774639
0.07680390629849934
0.272769255312399
0.08903178996515043
0.19773780750189632
0.26762518301533195
0.08801681034281582
0.1916168825642861
0.08938013702717588
0.08219725905884533
0.08800309514160366
0.25166796393601915
0.08532360821164353
0.25660803936158
0.19148052255481854
0.19699010479351167
0.15833603983608516
0.15829353369013233
0.1795442642657272
0.07274717690024064
0.07791095088727824
0.09350467873880464
0.08938503957528433
0.2507420260542658
0.07688911556731315
0.08864370068396747
0.15444053421927917
0.07625365221429788
0.1778983673015171
0.07944964645268061
0.08935043667961069
0.0816182220335226
0.08059312389214005
0.06931244947510569
0.211671741509333
0.08952610422093861
0.15290040505770175
0.2745111571173944
0.07431816784171508
0.08948070149178704
0.32167941794156146
0.083814941851864
0.07633101072370095
0.07175303695241673
0.07958448736077225
0.19759763167333425
0.0745130738335631
0.25969118802386076
0.06957187487740725
0.06369179959671803
0.2735349849852889
0.1919991615595282
0.0741584675804305
0.08918176260413095
0.26790200321786506
0.0891430828874938
0.074468173585014
0.17012654777331082
0.06404376305140684
0.05840791097077012
0.08400624476369278
0.06946983276848172
0.0690078388936004
0.20513660454411287
0.2776358484514188
0.08130442407676484
0.18842204806104
0.07748784790207092
0.07995455682234857
0.2358119801819585
0.0903112259345696
0.07099369601504152
0.07695183025800671
0.28953237754951916
0.08870098955661887
0.0834981998335218
0.07966168233337549
0.23729958557497768
0.0796868263513959
0.2251874343282425
0.0711483782836493
0.2098008596428377
0.0768489405930644
0.15259467825131398
0.0822956378650705
0.08023430611168317
0.06875411219634811
0.0822358610942562
0.17586522073061214
0.07061990701457664
0.06939698432062348
0.08097178334930875
0.09112805433327002
0.1542200788236901
0.07719069425182197
0.19644679776643156
0.07630703693834893
0.1996209158329314
0.19968306226728835
0.08273907470972709
0.325847378068014
0.06526116174079398
0.07080662947164958
0.06715680568918421
0.2146398405603487
0.28461968747852345
0.07398375619715516
0.17937643886589036
0.055690666825426366
0.06590162718252394
0.1301162596750593
0.08843913156487733
0.166649714906901
0.19380191477078498
0.08008514108659402
0.07656934366941832
0.07794135735140487
0.06563115308188229
0.06754313513777799
0.0781327283005212
0.06509671854497136
0.1707256035796164
0.27438720517800014
0.16373651443524495
0.2648242055549389
0.07909435229444707
0.1465780657320303
0.07965019660559901
0.201403507833533
0.3189375024463822
0.08828958873012344
0.05073702952382559
0.26613850118810595
0.0675276294586332
0.06647820804754716
0.17896940979521134
0.06674670068390044
0.06429835765791307
0.06946580025248263
0.06803940236557295
0.07781212357688644
0.06619307516782645
0.08363037131153019
0.06802675927633699
0.1996020764354051
0.17018859846907533
0.15628514511728864
0.21460368197838062
0.14631646734488402
0.28444292852761943
0.2623145678083565
0.17314067372961373
0.2756287787635587
0.1661243405763265
0.21112566972942992
0.2750857873054462
0.16494245288155665
0.15252986586160247
0.08382240319179289
0.0752698666389223
0.07336597290824735
0.10509709316920644
0.0832273444362978
0.17183260814717194
0.29326812635937444
0.07966079998983373
0.1580142928097202
0.14962028626222312
0.09091680042245807
0.08464811915347248
0.060026061628027975
0.30929356466949876
0.06530201133599424
0.07646080531941211
0.07611879521637961
0.2658877578903969
0.0809439475316922
0.07489527482569565
0.25349124038932574
0.15786993116746303
0.0741294535009978
0.12632104807954003
0.07984289430110793
0.0821089481493862
0.14407003774509788
0.17859870132735925
0.19881087058248018
0.07319298757720853
0.06780873979362996
0.06793038976589531
0.08145838168141982
0.06060354152542441
0.2353485579555922
0.24809239929873014
0.08258389076245665
0.08328984276929517
0.12825679689720806
0.09140851760254647
0.309016963434257
0.15321872568375838
0.1745871615125906
0.2986788883260422
0.1887003966846363
0.27075476730039655
0.08486539807130698
0.09045555954067726
0.26817509283379987
0.07786388740997731
0.2926042503001617
0.07069027303355124
0.07446294872130958
0.29435659121722296
0.09869377730294455
0.19765181471230067
0.16242461326415972
0.06720240148110841
0.15652883924206426
0.15725210078964624
0.26235775588838023
0.08733825295439301
0.15891756540636254
0.1549466949856663
0.29681517185182626
0.08254722899449721
0.25918986387136483
0.18545369796934982
0.08361677774744887
0.1995410605742297
0.0899741197882188
0.20368952747043134
0.1580044791884889
0.16946806821179825
0.08606381921748012
0.2538701820172885
0.19773031251883033
0.09218674845126092
0.08518129950344895
0.2181185507516512
0.15774252879844486
0.08712525429466089
0.08736569634997497
0.09318236297771976
0.2636447595689465
0.0850474288586312
0.21831130463249848
0.08641104341530077
0.09100206351631024
0.1545202689901317
0.2740599395025906
0.08402381406119779
0.15311857550527452
0.1343597476671564
0.07054488425685855
0.29215638634325586
0.15482711051871936
0.22981362883639242
0.2325053149360287
0.2063714829527473
0.1576703696791464
0.09560233040838532
0.09552745495969754
0.10040742761698322
0.1935079781221156
0.08024897163877479
0.13277023612746217
0.08333539084066481
0.1008912232283594
0.081497161971477
0.09629184482433574
0.1936935406777649
0.08992152022596307
0.09548079868129662
0.08660640065988005
0.07791648784733553
0.08472966844036744
0.28227267809322626
0.06907556339758188
0.09268105276055487
0.22627246465165
0.07076233540915207
0.09185364974259813
0.09418076254967478
0.15475142251366214
0.08086911791485056
0.1602127776437194
0.09698785787158566
0.08381032207023646
0.0791968943584368
0.23136010464922915
